995.40771484375 3643.521728515625 114.39720153808594
995.6090087890625 3643.434814453125 114.40170288085938
995.6710205078125 3643.697998046875 114.41280364990234
995.8591918945312 3643.927490234375 114.38040161132812
995.9940185546875 3644.260498046875 114.39839935302734
997.3635864257812 3645.174560546875 115.6498031616211
996.4743041992188 3644.276611328125 115.3301010131836
997.5465087890625 3645.42578125 115.60980224609375
997.4691162109375 3645.584716796875 115.50740051269531
997.3270263671875 3645.298828125 115.44550323486328
997.2094116210938 3645.124267578125 115.40450286865234
996.8535766601562 3644.311279296875 115.23210144042969
997.059326171875 3644.316650390625 115.252197265625
997.2427978515625 3644.218505859375 115.20159912109375
997.5364990234375 3645.787109375 115.42420196533203
996.9244995117188 3644.43798828125 115.0863037109375
997.2789916992188 3645.447265625 115.28009796142578
997.0501708984375 3644.3310546875 114.972900390625
997.2333984375 3644.226318359375 114.97090148925781
997.7238159179688 3646.01171875 115.36699676513672
997.7305908203125 3645.78271484375 115.31710052490234
997.8787841796875 3645.640869140625 115.30509948730469
997.935302734375 3646.06298828125 115.32119750976562
997.6798095703125 3646.22998046875 115.25440216064453
997.886474609375 3646.250732421875 115.27059936523438
997.8524780273438 3646.227783203125 115.05049896240234
998.0317993164062 3646.217041015625 114.96070098876953
997.4083862304688 3645.251953125 115.62809753417969
997.6755981445312 3645.251953125 115.65589904785156
997.8681030273438 3645.176025390625 115.66590118408203
998.0496215820312 3644.982666015625 115.65859985351562
998.1359252929688 3644.799560546875 115.64219665527344
998.1798706054688 3644.427490234375 115.59529876708984
998.090576171875 3645.2216796875 115.60330200195312
998.268798828125 3645.115234375 115.60679626464844
997.107421875 3645.0537109375 115.33190155029297
997.2028198242188 3643.8388671875 115.1626968383789
998.0460815429688 3645.63232421875 115.46980285644531
997.2188720703125 3645.23681640625 115.25489807128906
998.0610961914062 3644.849853515625 115.27549743652344
997.1865844726562 3643.97021484375 114.9301986694336
998.047119140625 3644.891845703125 115.23320007324219
997.9307250976562 3645.847412109375 115.3230972290039
998.148193359375 3645.5615234375 115.31089782714844
997.7501220703125 3646.0322265625 115.2865982055664
998.1207885742188 3645.777099609375 115.3156967163086
997.9785766601562 3646.047607421875 115.30809783935547
998.223876953125 3645.994873046875 115.31520080566406
998.0847778320312 3646.21923828125 115.29329681396484
997.9000244140625 3643.351806640625 114.38739776611328
998.035888671875 3643.6708984375 114.44129943847656
998.2615966796875 3646.07470703125 115.11849975585938
998.1876220703125 3646.289306640625 115.1104965209961
998.1480102539062 3643.906982421875 114.42469787597656
997.3583984375 3646.18505859375 114.39849853515625
997.4995727539062 3646.24609375 114.47119903564453
998.215576171875 3646.359619140625 114.78820037841797
997.7708740234375 3646.25048828125 114.50650024414062
997.9490966796875 3644.86376953125 115.67510223388672
998.1094970703125 3644.227783203125 115.62670135498047
998.0233154296875 3644.03125 115.59809875488281
998.2384033203125 3644.9892578125 115.53820037841797
998.252685546875 3644.960205078125 115.5364990234375
997.9697875976562 3643.47412109375 115.3031997680664
997.607421875 3643.949462890625 115.18450164794922
998.069091796875 3643.765869140625 115.21710205078125
997.962890625 3643.349365234375 115.14070129394531
997.8663940429688 3643.14013671875 115.0968017578125
997.7807006835938 3642.950927734375 115.05719757080078
997.694580078125 3642.770263671875 115.018798828125
997.5208740234375 3642.4892578125 114.95439910888672
997.8302001953125 3643.78955078125 115.13790130615234
998.2003173828125 3644.03271484375 115.22489929199219
998.0548095703125 3643.555908203125 115.13050079345703
997.6215209960938 3645.581787109375 115.302001953125
998.2282104492188 3643.861572265625 115.12010192871094
998.0114135742188 3643.440673828125 114.96900177001953
997.9188842773438 3643.252685546875 114.92179870605469
997.8297119140625 3643.06298828125 114.87460327148438
997.5919799804688 3642.697998046875 114.77459716796875
997.5023803710938 3642.4921875 114.7240982055664
998.1608276367188 3643.720458984375 114.9801025390625
998.0277709960938 3646.02197265625 115.27310180664062
997.7349853515625 3642.938232421875 114.6604995727539
997.5363159179688 3642.5927734375 114.55770111083984
998.1063842773438 3643.546142578125 114.79720306396484
997.9486083984375 3643.281982421875 114.71520233154297
997.6815185546875 3642.74072265625 114.55590057373047
997.826171875 3643.150390625 114.55770111083984
997.668701171875 3642.569580078125 114.39700317382812
997.8361206054688 3642.436279296875 114.39330291748047
998.1876831054688 3643.822021484375 114.7208023071289
997.9995727539062 3643.49365234375 114.60970306396484
997.606201171875 3642.8935546875 114.39689636230469
997.8026733398438 3642.7333984375 114.39420318603516
997.956298828125 3643.022216796875 114.3738021850586
997.5610961914062 3644.717529296875 115.65460205078125
997.8560180664062 3644.4248046875 115.66349792480469
997.9810791015625 3643.8720703125 115.53079986572266
997.57080078125 3642.590576171875 115.08509826660156
997.3197021484375 3644.07568359375 115.07369995117188
997.3822021484375 3644.19970703125 115.03890228271484
998.0947875976562 3643.73291015625 114.52269744873047
998.002197265625 3646.263427734375 114.56790161132812
997.9503173828125 3646.015380859375 114.39559936523438
997.4893188476562 3645.01123046875 115.64939880371094
997.8291015625 3644.698486328125 115.66429901123047
997.8082275390625 3645.435302734375 115.59539794921875
997.4552001953125 3643.00244140625 115.22019958496094
997.3073120117188 3645.89013671875 115.25409698486328
997.8701171875 3645.44482421875 115.26129913330078
997.1201782226562 3644.253662109375 115.44159698486328
997.2880249023438 3644.14208984375 115.45149993896484
997.0673217773438 3644.05859375 115.31919860839844
996.7113037109375 3643.963623046875 115.27459716796875
997.6865234375 3645.496826171875 115.52100372314453
997.8994140625 3645.476806640625 115.4894027709961
997.43701171875 3645.43310546875 115.23580169677734
997.7443237304688 3644.202392578125 115.6521987915039
997.0725708007812 3644.87841796875 115.08740234375
998.11767578125 3644.34130859375 115.08930206298828
998.2269897460938 3644.459716796875 114.9623031616211
997.3740234375 3645.576171875 115.45950317382812
997.6567993164062 3643.6064453125 115.11669921875
998.0302734375 3644.618896484375 115.67279815673828
996.4910888671875 3644.095703125 115.12699890136719
996.6430053710938 3644.368408203125 115.19029998779297
996.8040771484375 3644.580810546875 115.24259948730469
996.8848876953125 3644.77783203125 115.21050262451172
996.919189453125 3645.022216796875 115.17259979248047
997.0440063476562 3645.224365234375 115.0833969116211
997.142822265625 3645.397216796875 115.13800048828125
997.319091796875 3645.670166015625 115.22630310058594
997.37890625 3645.72119140625 115.24539947509766
995.8447875976562 3643.583740234375 114.40540313720703
996.0380249023438 3643.50439453125 114.40799713134766
997.436279296875 3645.959228515625 115.2428970336914
997.5216064453125 3646.059326171875 115.27999877929688
996.048828125 3643.843505859375 114.3832015991211
996.2512817382812 3643.768310546875 114.38790130615234
996.1572265625 3644.12158203125 114.38169860839844
996.3474731445312 3644.04638671875 114.3855972290039
997.2785034179688 3645.80029296875 114.96790313720703
997.4569091796875 3646.07568359375 115.08380126953125
997.3817749023438 3645.938232421875 114.95700073242188
996.902587890625 3645.10888671875 114.42259979248047
997.4003295898438 3646.060302734375 114.87210083007812
997.5396728515625 3646.232666015625 114.96170043945312
997.389892578125 3645.947998046875 114.68329620361328
997.155029296875 3645.575927734375 114.39199829101562
997.360595703125 3645.953857421875 114.60060119628906
997.4376831054688 3646.0625 114.66410064697266
997.2994995117188 3645.813720703125 114.447998046875
996.982421875 3644.630615234375 115.6355972290039
997.065185546875 3644.997802734375 115.65679931640625
996.763671875 3644.233642578125 115.47899627685547
996.4129028320312 3643.455810546875 115.206298828125
996.6256713867188 3644.1357421875 115.33209991455078
996.4520874023438 3643.744140625 115.21549987792969
996.1671752929688 3643.418701171875 115.03820037841797
996.2847900390625 3643.6591796875 115.08760070800781
996.375 3643.8916015625 115.07730102539062
996.0750732421875 3643.149169921875 114.86080169677734
997.0408935546875 3644.58251953125 115.19249725341797
996.19140625 3643.525146484375 114.84200286865234
996.2760009765625 3643.75048828125 114.8958969116211
996.3909912109375 3644.00390625 114.8905029296875
996.4841918945312 3644.236572265625 114.94930267333984
996.6024780273438 3644.481201171875 115.01200103759766
996.6923828125 3644.6669921875 115.05950164794922
996.1096801757812 3643.248779296875 114.63939666748047
996.8276977539062 3644.89111328125 115.0344009399414
996.239501953125 3643.50634765625 114.60230255126953
996.3723754882812 3643.77880859375 114.6802978515625
996.8176879882812 3644.809814453125 114.97100067138672
996.2921142578125 3643.33251953125 114.50800323486328
996.5238037109375 3644.147705078125 114.7385025024414
996.5975952148438 3644.35791015625 114.79879760742188
996.70361328125 3644.576171875 114.86289978027344
996.4019775390625 3643.954833984375 114.56060028076172
996.8760986328125 3645.04296875 114.9020004272461
997.155517578125 3645.612060546875 115.08100128173828
996.7822265625 3644.7626953125 114.76190185546875
996.536376953125 3644.1669921875 114.5199966430664
996.6397705078125 3644.428466796875 114.60700225830078
996.6143188476562 3643.885498046875 114.43820190429688
997.001220703125 3645.236572265625 114.87770080566406
997.0885009765625 3645.42529296875 114.94080352783203
996.8764038085938 3644.89794921875 114.71949768066406
996.751708984375 3644.6376953125 114.59300231933594
996.80859375 3644.376220703125 114.51129913330078
996.9415283203125 3645.11279296875 114.70490264892578
996.8248901367188 3644.819580078125 114.54789733886719
997.198486328125 3645.60009765625 114.84320068359375
997.1151733398438 3645.44580078125 114.73680114746094
997.3582153320312 3645.97998046875 114.910400390625
997.048095703125 3645.224609375 114.56749725341797
997.3394165039062 3645.7841796875 114.7667007446289
998.2637939453125 3646.218017578125 114.93489837646484
997.1629028320312 3645.594482421875 114.59919738769531
997.376708984375 3645.954345703125 114.4834976196289
998.0455932617188 3646.28759765625 114.62169647216797
998.09228515625 3646.334716796875 116.0813980102539
998.1954956054688 3646.0810546875 116.01399993896484
997.265380859375 3644.442138671875 115.67400360107422
997.3795166015625 3644.37939453125 115.66590118408203
997.6671142578125 3644.534912109375 115.68060302734375
996.8350830078125 3644.454345703125 115.57520294189453
997.1229248046875 3645.203369140625 115.64360046386719
997.2537841796875 3645.39794921875 115.6697998046875
997.7965698242188 3645.7275390625 115.7061996459961
997.1594848632812 3644.99169921875 115.55449676513672
996.0936889648438 3643.17724609375 115.11319732666016
997.5910034179688 3646.03369140625 115.26640319824219
998.0651245117188 3646.142333984375 115.2665023803711
995.5670776367188 3643.775390625 114.40180206298828
995.7857055664062 3643.733154296875 114.40139770507812
997.150390625 3645.087158203125 114.4281005859375
997.1416015625 3645.384521484375 114.4917984008789
997.0665893554688 3644.414306640625 115.63939666748047
997.3297119140625 3645.140625 115.57640075683594
996.7064819335938 3642.99853515625 115.21440124511719
996.4595947265625 3643.155029296875 115.2030029296875
996.4307861328125 3643.392822265625 114.37550354003906
997.4561157226562 3646.244384765625 114.76170349121094
997.3875732421875 3645.7080078125 114.54570007324219
997.7322998046875 3643.581787109375 115.32669830322266
997.2666015625 3645.343017578125 114.82720184326172
997.3676147460938 3646.100341796875 114.74019622802734
997.100830078125 3644.79345703125 115.6405029296875
997.4199829101562 3645.506591796875 114.67530059814453
997.3463134765625 3645.7705078125 115.4124984741211
997.90087890625 3644.712646484375 115.10880279541016
997.7562255859375 3644.96875 115.65229797363281
997.5206909179688 3646.223388671875 115.20819854736328
998.139404296875 3645.3798828125 115.48580169677734
996.0665283203125 3643.367431640625 114.79720306396484
996.2877807617188 3643.267822265625 114.77510070800781
997.7677001953125 3646.037109375 114.49259948730469
996.8759765625 3643.1474609375 115.22689819335938
996.6881103515625 3643.5244140625 115.19339752197266
996.274169921875 3644.364013671875 115.22589874267578
