1006.8629760742188 3640.97509765625 115.5739974975586
1007.0469970703125 3641.310546875 115.47090148925781
1006.8162231445312 3640.542236328125 115.76460266113281
1006.940185546875 3640.7880859375 115.75189971923828
1007.0565185546875 3640.958740234375 115.74230194091797
1007.2108154296875 3641.204833984375 115.72599792480469
1007.4747924804688 3641.030517578125 115.73030090332031
1007.6312255859375 3640.894775390625 115.72579956054688
1007.6019287109375 3641.164306640625 115.65049743652344
1007.7761840820312 3641.05078125 115.6511001586914
1007.194580078125 3641.385009765625 115.60209655761719
1006.5814208984375 3640.0302734375 115.32140350341797
1007.0380249023438 3640.873291015625 115.47470092773438
1007.2515258789062 3640.873046875 115.50189971923828
1006.796875 3639.91845703125 115.28720092773438
1007.1765747070312 3641.511474609375 115.41719818115234
1007.2005004882812 3640.724365234375 115.77459716796875
1007.6768188476562 3640.347900390625 115.77989959716797
1007.7258911132812 3640.240478515625 115.77259826660156
1007.7113037109375 3640.037109375 115.74939727783203
1008.1019897460938 3640.588134765625 115.81759643554688
1007.4329223632812 3640.785888671875 115.73090362548828
1007.8424072265625 3640.81640625 115.7114028930664
1007.100830078125 3638.5185546875 115.293701171875
1008.0004272460938 3640.693115234375 115.67379760742188
1007.769775390625 3640.190185546875 115.57620239257812
1007.7379150390625 3639.898193359375 115.52999877929688
1007.3261108398438 3641.4541015625 115.5791015625
1007.1340942382812 3639.6875 115.33219909667969
1007.3826904296875 3639.760986328125 115.37259674072266
1007.4307250976562 3639.54638671875 115.3458023071289
1007.5817260742188 3639.364013671875 115.33390045166016
1007.5263061523438 3639.162353515625 115.2959976196289
1007.442626953125 3638.937255859375 115.2510986328125
1007.35888671875 3638.742431640625 115.21099853515625
1007.17431640625 3638.383544921875 115.13410186767578
1007.1834716796875 3640.690673828125 115.43309783935547
1007.3869018554688 3640.641845703125 115.456298828125
1008.1353149414062 3640.85400390625 115.5896987915039
1007.822509765625 3640.396240234375 115.48069763183594
1007.9255981445312 3640.267578125 115.4738998413086
1007.8735961914062 3640.066650390625 115.43589782714844
1007.0543823242188 3638.943115234375 115.15799713134766
1007.5845947265625 3640.719482421875 115.46170043945312
1007.8585205078125 3639.868408203125 115.36540222167969
1007.7396240234375 3639.61083984375 115.30699920654297
1008.02197265625 3640.3125 115.35659790039062
1008.0015869140625 3640.197509765625 115.29620361328125
1007.8801879882812 3639.76220703125 115.19200134277344
1007.7562866210938 3639.486083984375 115.11849975585938
1007.6599731445312 3639.2783203125 115.0625991821289
1007.5643920898438 3639.07568359375 115.00769805908203
1007.2943115234375 3638.58056640625 114.86840057373047
1008.25 3640.9365234375 115.4480972290039
1007.9846801757812 3640.010986328125 115.22440338134766
1007.0972290039062 3638.2802734375 114.67890167236328
1008.18701171875 3640.501953125 115.2958984375
1007.197021484375 3638.54052734375 114.64600372314453
1008.309326171875 3640.80078125 115.3134994506836
1008.1748046875 3640.3232421875 115.18099975585938
1008.1456298828125 3640.257080078125 115.160400390625
1007.9779052734375 3639.896728515625 115.04630279541016
1007.880126953125 3639.716796875 114.98670196533203
1007.7601928710938 3639.46923828125 114.90689849853516
1008.1314697265625 3641.14697265625 115.31390380859375
1006.777099609375 3638.25146484375 114.38079833984375
1007.5535888671875 3639.10986328125 114.73049926757812
1007.3690185546875 3638.834716796875 114.62940216064453
1008.393798828125 3640.9912109375 115.31199645996094
1008.2188110351562 3640.4248046875 115.1426010131836
1008.3416748046875 3640.647705078125 115.18890380859375
1007.0993041992188 3638.433837890625 114.3739013671875
1007.2780151367188 3638.323486328125 114.3750991821289
1007.6519165039062 3638.30810546875 114.3916015625
1008.0469970703125 3640.07666015625 114.9103012084961
1007.9215698242188 3639.8955078125 114.83480072021484
1007.20068359375 3638.86962890625 114.40489959716797
1007.6884155273438 3639.42236328125 114.65650177001953
1008.3956909179688 3640.853515625 115.1593017578125
1008.3333740234375 3640.669189453125 115.09600067138672
1008.2073974609375 3640.318359375 114.9718017578125
1007.8837280273438 3639.731201171875 114.68800354003906
1008.39208984375 3641.063232421875 115.15149688720703
1008.330078125 3640.51416015625 114.94850158691406
1007.9639892578125 3640.021240234375 114.64119720458984
1008.2340087890625 3640.38134765625 114.78250122070312
1008.1690063476562 3640.27392578125 114.73079681396484
1008.4821166992188 3640.958984375 114.99949645996094
1008.4047241210938 3640.7744140625 114.91929626464844
1007.8751220703125 3639.759521484375 114.38839721679688
1008.0689086914062 3640.119384765625 114.49250030517578
1008.3303833007812 3640.562744140625 114.69309997558594
1008.1672973632812 3640.276611328125 114.54139709472656
1008.463623046875 3640.887451171875 114.80760192871094
1008.244873046875 3640.4609375 114.50810241699219
1007.4586181640625 3639.65283203125 115.76300048828125
1007.3803100585938 3639.361083984375 115.73310089111328
1007.5888061523438 3640.614990234375 115.76509857177734
1007.6480712890625 3639.833984375 115.7051010131836
1007.1682739257812 3638.815185546875 115.56600189208984
1007.8989868164062 3640.51611328125 115.73509979248047
1007.8593139648438 3640.28759765625 115.71029663085938
1007.4700927734375 3639.38818359375 115.55339813232422
1007.9852905273438 3640.62890625 115.47550201416016
1007.2781982421875 3638.568603515625 115.10399627685547
1007.8994140625 3639.74267578125 115.18599700927734
1007.447998046875 3638.868896484375 114.96900177001953
1007.19189453125 3638.3974609375 114.847900390625
1008.0402221679688 3640.0712890625 115.18589782714844
1008.2857055664062 3640.696533203125 115.29550170898438
1007.6246948242188 3639.13818359375 114.90589904785156
1007.5515747070312 3639.151611328125 114.68679809570312
1008.2081909179688 3640.217529296875 114.96920013427734
1008.2974853515625 3640.49951171875 114.97270202636719
1008.3125 3640.409912109375 114.55960083007812
1008.457275390625 3640.74169921875 114.66459655761719
1008.2042846679688 3640.270751953125 114.4114990234375
1008.111083984375 3640.6162109375 114.41459655761719
1007.0126953125 3641.1728515625 115.65280151367188
1007.3887939453125 3641.515625 115.39330291748047
1007.7119140625 3641.29638671875 115.435302734375
1007.5867919921875 3640.514892578125 115.36750030517578
1007.6737060546875 3639.9853515625 115.2863998413086
1007.5632934570312 3639.13525390625 115.18060302734375
1007.4935302734375 3638.9169921875 114.7760009765625
1006.8427734375 3638.4580078125 114.38520050048828
1006.9943237304688 3638.25439453125 114.38249969482422
1008.30517578125 3640.319580078125 114.84239959716797
1007.8455810546875 3639.55126953125 114.5968017578125
1007.9791259765625 3641.215576171875 114.47429656982422
1008.2319946289062 3641.025634765625 114.50370025634766
1008.0344848632812 3640.844970703125 114.40609741210938
1006.8228759765625 3640.12939453125 115.76309967041016
1006.9771118164062 3640.001220703125 115.76909637451172
1007.1378784179688 3639.193603515625 115.7427978515625
1007.3228759765625 3640.5126953125 115.73979949951172
1007.2692260742188 3639.024169921875 115.66230010986328
1007.3120727539062 3638.3994140625 115.3759994506836
1007.7255859375 3640.248046875 115.37570190429688
1006.9658203125 3638.751708984375 114.404296875
1008.3873291015625 3640.971923828125 114.55599975585938
1006.7714233398438 3639.805419921875 115.7780990600586
1006.94873046875 3639.558349609375 115.78119659423828
1006.8483276367188 3640.33935546875 115.76249694824219
1007.0001831054688 3640.233154296875 115.77010345458984
1007.152099609375 3640.098388671875 115.77670288085938
1007.3021850585938 3639.958251953125 115.78269958496094
1006.443603515625 3640.04638671875 115.48470306396484
1007.1737060546875 3638.62646484375 115.49240112304688
1006.7374267578125 3639.755615234375 115.18599700927734
1008.5198974609375 3640.811279296875 115.33350372314453
1007.8317260742188 3640.123046875 114.9020004272461
1006.5504760742188 3638.3486328125 114.37909698486328
1007.5194702148438 3638.98095703125 114.57740020751953
1007.047607421875 3640.51025390625 115.74739837646484
1007.27197265625 3640.310546875 115.75749969482422
1007.2774047851562 3640.2744140625 115.75689697265625
1007.7540283203125 3640.0654296875 114.67140197753906
1006.7069091796875 3638.281494140625 115.34480285644531
1007.9711303710938 3640.197265625 114.74369812011719
1008.1820068359375 3639.9580078125 114.68550109863281
1007.7144775390625 3640.114990234375 114.38030242919922
1007.2058715820312 3639.46728515625 115.77130126953125
1006.6373291015625 3639.835693359375 115.37660217285156
1008.3140258789062 3640.908203125 115.49109649658203
1006.841796875 3638.7373046875 115.30269622802734
1007.3955078125 3641.232666015625 115.60669708251953
1007.5175170898438 3641.351318359375 115.48799896240234
1007.031494140625 3639.879150390625 115.22920227050781
1008.3148803710938 3640.451171875 115.1426010131836
1007.722412109375 3638.94287109375 115.03929901123047
1008.2958984375 3640.741455078125 115.07599639892578
1007.2559814453125 3641.000732421875 115.7040023803711
1008.213623046875 3640.6376953125 115.62049865722656
1006.9786987304688 3638.674560546875 115.4446029663086
1008.7066040039062 3640.93408203125 115.05590057373047
1007.9307861328125 3639.30029296875 114.9468994140625
1007.9100952148438 3640.289794921875 114.88099670410156
1007.6212768554688 3639.343017578125 114.83209991455078
1006.488525390625 3639.9677734375 115.7417984008789
1006.3740234375 3639.75341796875 115.73259735107422
1006.2357177734375 3639.43212890625 115.5647964477539
1008.0822143554688 3640.454345703125 115.61180114746094
1007.9525146484375 3641.121337890625 115.4656982421875
1008.1109008789062 3640.88916015625 115.27469635009766
1007.4384155273438 3639.413818359375 115.04959869384766
1008.089111328125 3639.553955078125 114.9031982421875
1008.2852172851562 3640.611083984375 114.72930145263672
1007.788818359375 3639.88720703125 114.57959747314453
1006.8945922851562 3640.698974609375 115.45559692382812
1007.6409912109375 3639.673583984375 114.95179748535156
1008.4445190429688 3640.368408203125 114.81310272216797
1008.094970703125 3639.690673828125 114.76679992675781
1008.2777709960938 3640.739501953125 114.57099914550781
1007.89501953125 3640.26708984375 114.43289947509766
1007.9208984375 3641.111083984375 115.4374008178711
1008.1461791992188 3640.721923828125 115.44779968261719
1007.0222778320312 3640.7587890625 115.27010345458984
1006.4552001953125 3640.01318359375 115.1427001953125
1007.8319702148438 3640.420654296875 115.31169891357422
1007.6972045898438 3639.783203125 115.1095962524414
1008.1868286132812 3639.798583984375 115.06780242919922
1008.0748291015625 3640.509521484375 114.62059783935547
1006.5567016601562 3639.6708984375 115.73909759521484
1006.4453125 3639.907958984375 115.43730163574219
1008.3748168945312 3640.687744140625 115.5072021484375
1007.0086059570312 3639.001708984375 115.66079711914062
1007.513671875 3639.98486328125 115.69429779052734
1007.5548095703125 3640.132080078125 115.3635025024414
1007.760498046875 3640.113037109375 115.14830017089844
1007.2716064453125 3639.633544921875 115.67279815673828
1006.9995727539062 3639.564697265625 115.24870300292969
1006.6160888671875 3640.329345703125 115.76319885253906
1006.6226196289062 3640.52978515625 115.68569946289062
1006.6688232421875 3640.211181640625 115.38480377197266
1007.3587036132812 3640.2666015625 115.41390228271484
1007.3720703125 3640.277587890625 115.41619873046875
1006.7376098632812 3640.75732421875 115.73809814453125
1007.8206176757812 3640.6533203125 115.11009979248047
1007.2658081054688 3641.42333984375 114.91429901123047
1006.9642944335938 3638.3505859375 114.85430145263672
1007.2559204101562 3641.3125 115.40670013427734
1007.1007080078125 3638.614501953125 114.93730163574219
1006.8671875 3639.46142578125 115.05079650878906
1007.0084228515625 3641.352783203125 114.481201171875
1007.1074829101562 3641.171875 114.4583969116211
1007.2647705078125 3641.437744140625 114.49669647216797
1008.3623046875 3641.081787109375 114.88939666748047
1007.3114013671875 3639.509521484375 115.51439666748047
1008.297119140625 3641.129638671875 114.88459777832031
1006.7319946289062 3639.54150390625 115.7699966430664
1007.475830078125 3640.22802734375 115.74579620361328
