1004.8322143554688 3642.0751953125 116.04350280761719
1004.827880859375 3641.891845703125 115.80940246582031
1005.0477905273438 3641.947509765625 115.82969665527344
1003.7562866210938 3640.701171875 115.4115982055664
1004.5419921875 3641.240478515625 115.55879974365234
1004.67041015625 3641.20263671875 115.56279754638672
1004.7786254882812 3642.05908203125 115.58499908447266
1004.3286743164062 3641.150634765625 115.39779663085938
1004.4083251953125 3641.359375 115.3582992553711
1004.977783203125 3642.084228515625 115.54460144042969
1004.5704956054688 3641.230712890625 115.35140228271484
1004.6580810546875 3641.200439453125 115.3541030883789
1004.8129272460938 3642.2353515625 115.45929718017578
1004.6713256835938 3641.973876953125 115.35639953613281
1004.8629150390625 3641.916748046875 115.36930084228516
1005.031982421875 3641.806396484375 115.36579895019531
1005.03662109375 3642.0390625 115.35820007324219
1004.9760131835938 3642.260009765625 115.33830261230469
1005.1763916015625 3642.208740234375 115.3552017211914
1004.7147827148438 3642.178466796875 115.24320220947266
1004.8511962890625 3642.37158203125 115.2145004272461
1004.915771484375 3642.095458984375 115.1541976928711
1005.0891723632812 3642.29296875 115.17579650878906
1005.205078125 3642.133056640625 115.1156997680664
1004.797119140625 3642.328857421875 115.02629852294922
1005.0048828125 3642.343017578125 114.98629760742188
1005.1959838867188 3642.2744140625 114.9364013671875
1004.7536010742188 3642.31787109375 114.80349731445312
1004.9442138671875 3642.232421875 114.82279968261719
1004.9235229492188 3642.443115234375 114.83149719238281
1004.7103881835938 3642.20751953125 114.56929779052734
1005.1087036132812 3642.2841796875 114.71199798583984
1004.871826171875 3642.31689453125 114.62460327148438
1005.8170166015625 3641.571044921875 116.02249908447266
1005.0341796875 3641.189697265625 115.83979797363281
1004.5289916992188 3641.33935546875 115.79769897460938
1004.6610107421875 3641.3623046875 115.80850219726562
1004.8624267578125 3641.361083984375 115.82140350341797
1005.2496948242188 3641.187255859375 115.82769775390625
1005.326416015625 3640.9912109375 115.81179809570312
1005.3245239257812 3640.76513671875 115.78800201416016
1005.6904907226562 3642.03955078125 115.9197998046875
1005.1849975585938 3641.4248046875 115.8239974975586
1004.7966918945312 3641.641357421875 115.79280090332031
1004.9940185546875 3641.5947265625 115.8030014038086
1005.3812255859375 3641.3681640625 115.80570220947266
1005.4873046875 3641.169921875 115.79000091552734
1005.1414794921875 3641.739990234375 115.80549621582031
1005.3358764648438 3641.644287109375 115.80989837646484
1005.50048828125 3641.52880859375 115.7844009399414
1005.7152099609375 3641.53564453125 115.80049896240234
1005.6043090820312 3641.326904296875 115.76699829101562
1005.4942016601562 3641.815185546875 115.75859832763672
1005.0147705078125 3640.907958984375 115.51599884033203
1005.4271240234375 3640.732177734375 115.52580261230469
1005.2592163085938 3641.977783203125 115.57489776611328
1005.7620239257812 3641.635986328125 115.57849884033203
1005.8013916015625 3641.440185546875 115.55010223388672
1005.3952026367188 3640.53173828125 115.36070251464844
1004.7564086914062 3641.01220703125 115.32969665527344
1005.1267700195312 3640.884765625 115.35040283203125
1005.6220092773438 3641.78076171875 115.52330017089844
1005.5745239257812 3640.87353515625 115.3563003540039
1004.8656005859375 3641.510009765625 115.31649780273438
1004.74951171875 3641.334716796875 115.27020263671875
1005.12060546875 3641.179931640625 115.29340362548828
1005.6649169921875 3641.055419921875 115.33439636230469
1005.521484375 3640.696044921875 115.24739837646484
1005.3729858398438 3641.925537109375 115.4186019897461
1005.4451293945312 3641.729736328125 115.39350128173828
1005.5496826171875 3641.56689453125 115.34249877929688
1005.8471069335938 3641.624755859375 115.39430236816406
1005.8511962890625 3641.40966796875 115.3489990234375
1005.7877197265625 3641.21923828125 115.30020141601562
1005.4234008789062 3640.430908203125 115.08560180664062
1005.5717163085938 3641.9296875 115.36019897460938
1005.73828125 3641.790771484375 115.35710144042969
1005.368408203125 3642.140380859375 115.30439758300781
1005.4390869140625 3641.975830078125 115.21099853515625
1005.8743286132812 3641.583984375 115.193603515625
1005.9149169921875 3641.40087890625 115.15160369873047
1005.4498291015625 3640.487548828125 114.83889770507812
1005.8953247070312 3641.798095703125 115.22329711914062
1005.6065063476562 3642.08837890625 115.20960235595703
1005.707275390625 3641.915283203125 115.18699645996094
1006.0031127929688 3641.585205078125 115.1510009765625
1005.605224609375 3640.768310546875 114.85700225830078
1005.4071044921875 3642.130859375 115.15280151367188
1005.5814819335938 3642.0263671875 115.1261978149414
1005.767578125 3641.955078125 115.14710235595703
1005.9091796875 3641.814453125 115.13600158691406
1005.7083129882812 3641.017578125 114.8666000366211
1005.9656982421875 3641.488525390625 114.97480010986328
1006.0206298828125 3641.716796875 114.99359893798828
1005.8397827148438 3641.220703125 114.79329681396484
1005.3554077148438 3642.141357421875 114.93569946289062
1005.3933715820312 3642.115234375 114.93890380859375
1005.66357421875 3641.94873046875 114.96070098876953
1005.86181640625 3641.922607421875 114.96920013427734
1005.573974609375 3642.108154296875 114.84259796142578
1005.8425903320312 3641.773193359375 114.80159759521484
1005.315185546875 3642.261474609375 114.77580261230469
1006.0662231445312 3641.709716796875 114.79789733886719
1005.9973754882812 3641.537109375 114.71540069580078
1005.9072265625 3641.352294921875 114.62319946289062
1005.3983764648438 3642.212158203125 114.7594985961914
1005.7767944335938 3642.031982421875 114.81539916992188
1005.6748046875 3641.03466796875 114.37359619140625
1004.7332153320312 3642.027587890625 114.38880157470703
1004.9329223632812 3642.08349609375 114.47820281982422
1005.0336303710938 3641.882568359375 114.40670013427734
1005.3067016601562 3642.111083984375 114.57959747314453
1005.5115966796875 3642.092041015625 114.64330291748047
1005.8494262695312 3641.28076171875 114.42150115966797
1005.3189086914062 3641.7890625 114.43229675292969
1005.4564208984375 3641.919921875 114.52680206298828
1005.6629028320312 3641.96337890625 114.61080169677734
1005.8281860351562 3641.83740234375 114.61190032958984
1005.4647216796875 3641.983642578125 116.10929870605469
1005.701416015625 3641.870849609375 116.11109924316406
1004.936279296875 3640.941650390625 115.84049987792969
1005.2282104492188 3640.568115234375 115.79650115966797
1004.6812133789062 3641.45751953125 115.80229949951172
1005.1763916015625 3641.499267578125 115.81729888916016
1005.4796752929688 3640.860107421875 115.69889831542969
1005.20068359375 3640.8046875 115.61289978027344
1005.7357177734375 3641.408935546875 115.63919830322266
1004.6331787109375 3641.552001953125 115.3843002319336
1005.4364013671875 3641.021484375 115.42780303955078
1005.2805786132812 3640.7421875 115.37079620361328
1005.0615844726562 3640.52978515625 115.31510162353516
1004.4450073242188 3641.4658203125 115.29920196533203
1005.864990234375 3641.570068359375 115.51740264892578
1005.05322265625 3641.5732421875 115.36370086669922
1005.3287963867188 3641.38720703125 115.34989929199219
1005.9163818359375 3641.740966796875 115.41560363769531
1005.6873779296875 3640.91748046875 115.1675033569336
1005.5565185546875 3640.62646484375 115.05079650878906
1005.788818359375 3641.14404296875 115.11419677734375
1006.0128784179688 3641.96728515625 115.27880096435547
1005.8593139648438 3641.77490234375 115.17070007324219
1005.8928833007812 3641.2666015625 115.00170135498047
1005.4830932617188 3640.62939453125 114.67579650878906
1005.6245727539062 3640.862060546875 114.66899871826172
1005.8778076171875 3641.914306640625 114.95700073242188
1005.7243041992188 3641.104248046875 114.64119720458984
1005.8756103515625 3641.914306640625 114.73529815673828
1005.6306762695312 3641.70068359375 114.48690032958984
1005.95849609375 3641.7646484375 114.62200164794922
1005.9412231445312 3641.460693359375 114.52369689941406
1005.7581787109375 3641.551513671875 114.3936996459961
1005.8807983398438 3641.62939453125 114.42410278320312
1005.13427734375 3640.90234375 115.83779907226562
1005.2310791015625 3641.750732421875 115.3916015625
1005.3060913085938 3641.506591796875 115.38099670410156
1006.0391845703125 3641.498291015625 115.4478988647461
1005.6838989257812 3640.91796875 115.1531982421875
1005.9985961914062 3641.4208984375 114.9197006225586
1005.432373046875 3640.447265625 114.59619903564453
1003.9197998046875 3640.580078125 115.08409881591797
1006.1076049804688 3641.783203125 115.25240325927734
1005.6085815429688 3641.24755859375 114.75399780273438
1004.0130004882812 3640.47119140625 115.53230285644531
1004.9141235351562 3641.108154296875 115.5188980102539
1005.2523803710938 3640.593994140625 115.52570343017578
1005.7813720703125 3641.442626953125 114.81099700927734
1006.0947265625 3641.603515625 114.53279876708984
1005.6934204101562 3641.151611328125 115.71240234375
1005.61962890625 3641.38427734375 115.42269897460938
1004.4412231445312 3642.007080078125 115.64019775390625
1004.2568969726562 3640.53173828125 115.5875015258789
1004.419921875 3642.206787109375 115.42279815673828
1004.6273803710938 3642.21728515625 115.4041976928711
1005.0029296875 3641.88818359375 115.61499786376953
1004.9022216796875 3640.88720703125 116.25469970703125
1004.9364013671875 3640.735107421875 115.81680297851562
1005.4451293945312 3641.389404296875 115.57730102539062
1004.6170043945312 3640.458740234375 115.80729675292969
1005.327392578125 3641.17626953125 115.63819885253906
1005.3325805664062 3641.771240234375 115.63610076904297
1004.7108764648438 3640.73291015625 115.74629974365234
1005.0025024414062 3640.538818359375 115.73660278320312
1004.7026977539062 3640.448486328125 115.26000213623047
1004.9080810546875 3640.879150390625 115.28189849853516
1005.2476806640625 3641.946533203125 115.02639770507812
1005.05859375 3642.145751953125 116.03720092773438
1004.30078125 3641.0087890625 115.76709747314453
1004.644287109375 3641.52587890625 115.81230163574219
1004.337890625 3641.295166015625 115.66580200195312
1004.5980834960938 3641.705078125 115.73539733886719
1004.6669921875 3641.822265625 115.68830108642578
1004.6555786132812 3641.8955078125 115.63179779052734
1003.9364013671875 3640.78662109375 115.24520111083984
1004.055908203125 3640.975830078125 115.28900146484375
1004.1588745117188 3641.1796875 115.26100158691406
1004.3994140625 3641.712646484375 115.30690002441406
1004.5233154296875 3641.877685546875 115.35369873046875
1005.93212890625 3641.49267578125 115.24019622802734
1004.6425170898438 3642.04345703125 115.30619812011719
1003.8864135742188 3640.67236328125 114.85399627685547
1004.16552734375 3641.22607421875 115.02249908447266
1004.8571166992188 3642.463623046875 115.37249755859375
1004.24658203125 3641.46044921875 115.0020980834961
1004.4290771484375 3641.81201171875 115.1178970336914
1004.5454711914062 3641.981689453125 115.10379791259766
1004.6676025390625 3642.1806640625 115.17579650878906
1005.0712280273438 3642.481201171875 115.27410125732422
1005.56298828125 3642.0029296875 115.11979675292969
1004.3859252929688 3641.700927734375 114.84559631347656
1004.605712890625 3642.109375 114.93569946289062
1004.5239868164062 3641.896484375 114.8113021850586
1004.6743774414062 3642.185302734375 114.93620300292969
1004.4003295898438 3641.67578125 114.59760284423828
1005.559326171875 3642.08935546875 114.79840087890625
1004.6322021484375 3642.072265625 114.66680145263672
1004.5518798828125 3641.8994140625 114.54889678955078
1004.1658935546875 3640.79345703125 115.7572021484375
1004.0205078125 3640.62646484375 115.67259979248047
1004.4321899414062 3641.4306640625 115.7489013671875
1005.3494262695312 3641.46240234375 115.66729736328125
1003.8104858398438 3640.430419921875 115.4738998413086
1004.377197265625 3640.934814453125 115.28179931640625
1003.9517211914062 3640.837890625 115.15799713134766
1004.04931640625 3641.023681640625 115.16449737548828
1004.1900024414062 3641.394775390625 115.21080017089844
1004.2108764648438 3641.432373046875 115.22019958496094
1004.1787109375 3641.397705078125 115.15840148925781
1004.3361206054688 3641.577392578125 115.16609954833984
1003.94873046875 3640.881591796875 114.9364013671875
1003.7799072265625 3640.55419921875 114.69519805908203
1004.0283813476562 3641.150390625 114.877197265625
1003.9232177734375 3640.857666015625 114.73629760742188
1004.18212890625 3641.38720703125 114.90540313720703
1004.60791015625 3642.18798828125 115.15850067138672
1004.0535278320312 3640.978515625 114.63059997558594
1004.1544799804688 3641.22412109375 114.7157974243164
1004.2620239257812 3641.46337890625 114.79900360107422
1004.2357788085938 3641.417236328125 114.6958999633789
1004.2091064453125 3640.9931640625 114.39360046386719
1004.299072265625 3641.4462890625 114.56950378417969
1004.6464233398438 3642.251220703125 114.78739929199219
1004.6162109375 3642.122314453125 114.44580078125
1004.6572875976562 3641.462646484375 115.61609649658203
1004.299072265625 3641.45166015625 115.55870056152344
1003.75 3640.4951171875 115.01309967041016
1004.5924072265625 3641.716796875 114.71959686279297
1004.4965209960938 3641.325927734375 114.37429809570312
1004.7210083007812 3642.260498046875 115.65760040283203
1004.1948852539062 3641.267822265625 115.49369812011719
1004.6469116210938 3642.082275390625 115.55149841308594
1004.1926879882812 3641.154541015625 114.52120208740234
1004.4581909179688 3641.124267578125 115.8311996459961
1004.6511840820312 3642.314697265625 115.62570190429688
1004.1492919921875 3641.549072265625 115.39910125732422
1005.4619140625 3642.10498046875 114.95819854736328
1005.2041015625 3642.275146484375 114.94609832763672
1004.6580200195312 3641.689697265625 114.75830078125
1004.6691284179688 3641.954345703125 114.81939697265625
1004.653076171875 3641.185791015625 115.83180236816406
1004.390380859375 3641.6416015625 115.74259948730469
1004.6641235351562 3642.40869140625 115.4229965209961
1004.3800048828125 3642.01611328125 115.22599792480469
1004.7590942382812 3641.712890625 114.57859802246094
1004.6738891601562 3641.4267578125 114.46499633789062
1004.6328735351562 3642.343017578125 114.50389862060547
1004.6094970703125 3640.833984375 115.83709716796875
1004.7142944335938 3640.9365234375 115.84259796142578
1004.768310546875 3642.015869140625 114.63749694824219
1004.6456298828125 3642.304931640625 114.98699951171875
1004.4332885742188 3642.246337890625 114.64739990234375
1005.5123291015625 3641.583740234375 115.59149932861328
1004.7005004882812 3642.426025390625 114.60559844970703
